1340430|431
1340431|431
1340432|431
1340433|431
1340434|434
1340435|431
1340436|431
1340437|431
1340438|431
1340439|431
1340440|436
1340441|436
1340442|436
1340443|436
1340444|436
1340445|438
1340446|438
1340447|438
1340448|438
1340449|438
1340450|435
1340451|435
1340452|435
1340453|435
1340454|435
1340455|438
1340456|438
1340457|438
1340458|438
1340459|438
1340460|434
1340461|434
1340462|434
1340463|434
1340464|434
1340465|432
1340466|432
1340467|432
1340468|432
1340469|432
1340470|431
1340471|431
1340472|431
1340473|431
1340474|431
1340475|431
1340476|431
1340477|431
1340478|431
1340479|431
1350080|431
1350081|431
1350082|431
1350083|436
1350084|434
1350085|431
1350086|431
1350087|437
1350088|431
1350089|431
1350090|432
1350091|433
1350092|433
1350093|439
1350094|438
1350095|435
1350096|434
1350097|435
1350098|432
1350099|432
1350430|431
1350431|431
1350432|431
1350433|431
1350434|434
1350435|434
1350436|436
1350437|437
1350438|432
1350439|431
1350440|431
1350441|431
1350442|431
1350443|431
1350444|434
1350445|431
1350446|431
1350447|431
1350448|431
1350449|431
1350470|431
1350471|438
1350472|433
1350473|434
1350474|434
1350475|432
1350476|432
1350477|432
1350478|432
1350479|431
1351430|431
1351431|431
1351432|432
1351433|433
1351434|434
1351435|435
1351436|436
1351437|437
1351438|438
1351439|439
1351440|431
1351441|431
1351442|432
1351443|433
1351444|432
1351445|432
1351446|431
1351447|431
1351448|431
1351449|431
1357850|432
1357851|432
1357852|432
1357853|432
1357854|432
1357855|432
1357856|432
1357857|432
1357858|432
1357859|432
1357860|431
1357861|431
1357862|431
1357863|431
1357864|431
1357865|431
1357866|431
1357867|431
1357868|431
1357869|431
1357870|431
1357871|431
1357872|431
1357873|431
1357874|431
1357875|431
1357876|431
1357877|431
1357878|431
1357879|431
1357880|431
1357881|431
1357882|431
1357883|431
1357884|431
1357885|431
1357886|431
1357887|431
1357888|431
1357889|431
1357890|431
1357891|431
1357892|431
1357893|431
1357894|431
1357895|431
1357896|431
1357897|431
1357898|431
1357899|431
1359600|431
1359601|431
1359602|431
1359603|431
1359604|431
1359605|431
1359606|431
1359607|431
1359608|431
1359609|431
1359610|431
1359611|431
1359612|431
1359613|431
1359614|431
1359615|431
1359616|431
1359617|431
1359618|431
1359619|431
1359620|432
1359621|432
1359622|432
1359623|432
1359624|432
1359625|432
1359626|432
1359627|432
1359628|432
1359629|432
1359630|432
1359631|432
1359632|432
1359633|432
1359634|432
1359635|432
1359636|432
1359637|432
1359638|432
1359639|432
1359640|431
1359641|431
1359642|431
1359643|431
1359644|431
1359645|431
1359646|431
1359647|431
1359648|431
1359649|431
1359650|433
1359651|433
1359652|433
1359653|433
1359654|433
1359655|433
1359656|433
1359657|433
1359658|433
1359659|433
1359660|434
1359661|434
1359662|434
1359663|434
1359664|434
1359665|434
1359666|434
1359667|434
1359668|434
1359669|434
1359670|439
1359671|439
1359672|439
1359673|439
1359674|439
1359675|439
1359676|439
1359677|439
1359678|439
1359679|439
1359680|436
1359681|436
1359682|436
1359683|436
1359684|436
1359685|436
1359686|436
1359687|436
1359688|436
1359689|436
1359690|438
1359691|438
1359692|438
1359693|438
1359694|438
1359695|438
1359696|438
1359697|438
1359698|438
1359699|438
1360430|431
1360431|431
1360432|431
1360433|431
1360434|434
1360435|435
1360436|431
1360437|437
1360438|438
1360439|431
1360440|431
1360441|431
1360442|431
1360443|431
1360444|431
1360445|435
1360446|432
1360447|432
1360448|438
1360449|439
1361070|431
1361071|431
1361072|431
1361073|431
1361074|431
1361075|432
1361076|432
1361077|433
1361078|431
1361079|431
1361430|431
1361431|431
1361432|432
1361433|433
1361434|434
1361435|435
1361436|436
1361437|437
1361438|438
1361439|439
1361440|431
1361441|431
1361442|432
1361443|433
1361444|434
1361445|435
1361446|436
1361447|431
1361448|438
1361449|439
1362070|433
1362071|433
1362072|432
1362073|432
1362074|432
1362075|432
1362076|432
1362077|434
1362078|431
1362079|431
1362430|431
1362431|431
1362432|432
1362433|433
1362434|434
1362435|435
1362436|436
1362437|437
1362438|438
1362439|439
1362440|431
1362441|431
1362442|432
1362443|433
1362444|434
1362445|435
1362446|431
1362447|431
1362448|438
1362449|431
1363030|438
1363031|438
1363032|438
1363033|438
1363034|438
1363035|438
1363036|438
1363037|438
1363038|438
1363039|438
1363050|431
1363051|431
1363052|431
1363053|431
1363054|431
1363055|431
1363056|431
1363057|431
1363058|431
1363059|431
1363060|432
1363061|432
1363062|432
1363063|432
1363064|432
1363065|432
1363066|433
1363067|433
1363068|433
1363069|433
1363070|434
1363071|435
1363072|438
1363073|439
1363074|434
1363075|435
1363076|436
1363077|437
1363078|438
1363079|439
1363090|434
1363091|434
1363092|434
1363093|434
1363094|434
1363095|434
1363096|434
1363097|434
1363098|434
1363099|434
1363430|431
1363431|431
1363432|432
1363433|433
1363434|434
1363435|435
1363436|436
1363437|437
1363438|438
1363439|439
1363440|431
1363441|431
1363442|432
1363443|433
1363444|434
1363445|435
1363446|436
1363447|437
1363448|438
1363449|439
1364430|431
1364431|431
1364432|432
1364433|433
1364434|434
1364435|435
1364436|436
1364437|437
1364438|438
1364439|439
1364440|431
1364441|431
1364442|432
1364443|433
1364444|434
1364445|435
1364446|433
1364447|432
1364448|438
1364449|439
1365430|431
1365431|431
1365432|432
1365433|433
1365434|434
1365435|435
1365436|431
1365437|431
1365438|438
1365439|431
1365440|431
1365441|431
1365442|432
1365443|433
1365444|434
1365445|432
1365446|432
1365447|431
1365448|433
1365449|432
1366430|431
1366431|431
1366432|432
1366433|431
1366434|434
1366435|435
1366436|436
1366437|437
1366438|438
1366439|439
1366440|431
1366441|431
1366442|432
1366443|431
1366444|432
1366445|435
1366446|436
1366447|436
1366448|434
1366449|439
1367430|431
1367431|431
1367432|432
1367433|433
1367434|434
1367435|435
1367436|436
1367437|437
1367438|438
1367439|439
1367440|434
1367441|432
1367442|432
1367443|438
1367444|434
1367445|435
1367446|436
1367447|436
1367448|438
1367449|439
1368970|433
1368971|434
1368972|434
1368973|434
1368974|434
1368975|436
1368976|437
1368977|436
1368978|438
1368979|432
1368980|431
1368981|431
1368982|431
1368983|431
1368984|431
1368985|431
1368986|432
1368987|432
1368988|432
1368989|432
1369400|434
1369401|434
1369402|434
1369403|437
1369404|437
1369405|437
1369406|437
1369407|437
1369408|437
1369409|437
1369430|431
1369431|431
1369432|432
1369433|433
1369434|434
1369435|435
1369436|436
1369437|437
1369438|438
1369439|434
1369440|434
1369441|435
1369442|432
1369443|433
1369444|434
1369445|435
1369446|436
1369447|436
1369448|438
1369449|434
1370430|432
1370431|432
1370432|432
1370433|433
1370434|432
1370435|435
1370436|431
1370437|436
1370438|433
1370439|439
1370440|432
1370441|432
1370442|432
1370443|433
1370444|432
1370445|435
1370446|433
1370447|438
1370448|433
1370449|439
1373280|437
1373281|437
1373282|437
1373283|437
1373284|437
1373285|435
1373286|435
1373287|435
1373288|435
1373289|435
1375600|431
1375601|431
1375602|431
1375603|431
1375604|431
1375605|431
1375606|431
1375607|431
1375608|431
1375609|431
1375610|431
1375611|431
1375612|431
1375613|431
1375614|431
1375615|431
1375616|431
1375617|431
1375618|431
1375619|431
1375620|431
1375621|431
1375622|431
1375623|431
1375624|431
1375625|431
1375626|431
1375627|431
1375628|431
1375629|431
1375630|431
1375631|431
1375632|431
1375633|431
1375634|431
1375635|431
1375636|431
1375637|431
1375638|431
1375639|431
1375640|431
1375641|431
1375642|431
1375643|431
1375644|431
1375645|431
1375646|431
1375647|431
1375648|431
1375649|431
1375650|431
1375651|431
1375652|431
1375653|431
1375654|431
1375655|431
1375656|431
1375657|431
1375658|431
1375659|431
1375660|431
1375661|431
1375662|431
1375663|431
1375664|431
1375665|431
1375666|431
1375667|431
1375668|431
1375669|431
1375670|438
1375671|438
1375672|438
1375673|438
1375674|438
1375675|438
1375676|438
1375677|438
1375678|438
1375679|438
1375680|431
1375681|431
1375682|431
1375683|431
1375684|431
1375685|431
1375686|431
1375687|431
1375688|431
1375689|431
1375690|431
1375691|431
1375692|431
1375693|431
1375694|431
1375695|431
1375696|431
1375697|431
1375698|431
1375699|431
1376600|437
1376601|437
1376602|437
1376603|437
1376604|437
1376605|437
1376606|437
1376607|437
1376608|437
1376609|437
1376610|436
1376611|436
1376612|436
1376613|436
1376614|435
1376615|435
1376616|435
1376617|435
1376618|435
1376619|435
1380430|431
1380431|431
1380432|431
1380433|431
1380434|434
1380435|431
1380436|436
1380437|431
1380438|438
1380439|431
1380440|432
1380441|432
1380442|432
1380443|433
1380444|432
1380445|435
1380446|431
1380447|434
1380448|433
1380449|439
1384300|431
1384301|431
1384302|431
1384303|431
1384304|431
1384305|431
1384306|431
1384307|431
1384308|431
1384309|431
1384310|431
1384311|431
1384312|431
1384313|431
1384314|431
1384315|431
1384316|431
1384317|431
1384318|431
1384319|431
1384320|432
1384321|432
1384322|432
1384323|432
1384324|432
1384325|432
1384326|432
1384327|432
1384328|432
1384329|432
1384330|433
1384331|433
1384332|433
1384333|433
1384334|433
1384335|433
1384336|433
1384337|433
1384338|433
1384339|433
1384340|434
1384341|434
1384342|434
1384343|434
1384344|434
1384345|434
1384346|434
1384347|434
1384348|434
1384349|434
1384350|435
1384351|435
1384352|435
1384353|435
1384354|435
1384355|435
1384356|435
1384357|435
1384358|435
1384359|435
1384360|436
1384361|436
1384362|436
1384363|436
1384364|436
1384365|436
1384366|436
1384367|436
1384368|436
1384369|436
1384370|437
1384371|437
1384372|437
1384373|437
1384374|437
1384375|437
1384376|437
1384377|437
1384378|437
1384379|437
1384380|438
1384381|438
1384382|438
1384383|438
1384384|438
1384385|438
1384386|438
1384387|438
1384388|438
1384389|438
1384390|439
1384391|439
1384392|439
1384393|439
1384394|439
1384395|439
1384396|439
1384397|439
1384398|439
1384399|439
1384400|431
1384401|431
1384402|431
1384403|431
1384404|431
1384405|431
1384406|431
1384407|431
1384408|431
1384409|431
1384410|431
1384411|431
1384412|431
1384413|431
1384414|431
1384415|431
1384416|431
1384417|431
1384418|431
1384419|431
1384420|432
1384421|432
1384422|432
1384423|432
1384424|432
1384425|432
1384426|432
1384427|432
1384428|432
1384429|432
1384430|433
1384431|433
1384432|433
1384433|433
1384434|433
1384435|433
1384436|433
1384437|433
1384438|433
1384439|433
1384440|434
1384441|434
1384442|434
1384443|434
1384444|434
1384445|434
1384446|434
1384447|434
1384448|434
1384449|434
1384450|435
1384451|435
1384452|435
1384453|435
1384454|435
1384455|435
1384456|435
1384457|435
1384458|435
1384459|435
1384460|432
1384461|432
1384462|432
1384463|432
1384464|432
1384465|432
1384466|432
1384467|432
1384468|432
1384469|432
1384470|433
1384471|433
1384472|433
1384473|433
1384474|433
1384475|433
1384476|433
1384477|433
1384478|433
1384479|433
1384480|431
1384481|431
1384482|431
1384483|431
1384484|431
1384485|431
1384486|431
1384487|431
1384488|431
1384489|431
1384490|431
1384491|431
1384492|431
1384493|431
1384494|431
1384495|431
1384496|431
1384497|431
1384498|431
1384499|431
1389400|439
1389401|439
1389402|439
1389403|439
1389404|439
1389405|439
1389406|439
1389407|439
1389408|439
1389409|439
1389410|438
1389411|438
1389412|438
1389413|438
1389414|438
1389415|438
1389416|438
1389417|438
1389418|438
1389419|438
1389420|432
1389421|432
1389422|432
1389423|432
1389424|432
1389425|432
1389426|432
1389427|432
1389428|432
1389429|432
1389430|433
1389431|433
1389432|433
1389433|433
1389434|433
1389435|433
1389436|433
1389437|433
1389438|433
1389439|433
1389440|434
1389441|434
1389442|434
1389443|434
1389444|434
1389445|434
1389446|434
1389447|434
1389448|434
1389449|434
1389450|435
1389451|435
1389452|435
1389453|435
1389454|435
1389455|435
1389456|435
1389457|435
1389458|435
1389459|435
1389460|436
1389461|436
1389462|436
1389463|436
1389464|436
1389465|436
1389466|436
1389467|436
1389468|436
1389469|436
1389470|432
1389471|432
1389472|432
1389473|439
1389474|437
1389475|431
1389476|431
1389477|431
1389478|431
1389479|431
1389480|431
1389481|431
1389482|431
1389483|431
1389484|431
1389485|431
1389486|431
1389487|431
1389488|431
1389489|431
1389490|438
1389491|438
1389492|438
1389493|438
1389494|438
1389495|438
1389496|438
1389497|438
1389498|438
1389499|438
1390430|431
1390431|431
1390432|431
1390433|431
1390434|434
1390435|434
1390436|436
1390437|437
1390438|438
1390439|431
1390440|432
1390441|432
1390442|432
1390443|433
1390444|432
1390445|435
1390446|433
1390447|433
1390448|433
1390449|439
1394300|431
1394301|431
1394302|431
1394303|431
1394304|431
1394305|431
1394306|431
1394307|431
1394308|431
1394309|431
1394310|431
1394311|431
1394312|431
1394313|431
1394314|439
1394315|431
1394316|431
1394317|431
1394318|431
1394319|431
1394320|432
1394321|432
1394322|432
1394323|432
1394324|432
1394325|432
1394326|432
1394327|432
1394328|432
1394329|432
1394330|438
1394331|434
1394332|433
1394333|438
1394334|435
1394335|433
1394336|433
1394337|433
1394338|433
1394339|433
1394340|435
1394341|435
1394342|439
1394343|437
1394344|437
1394345|436
1394346|434
1394347|434
1394348|434
1394349|434
1394350|435
1394351|435
1394352|435
1394353|435
1394354|435
1394355|435
1394356|435
1394357|435
1394358|435
1394359|435
1394360|436
1394361|436
1394362|436
1394363|436
1394364|436
1394365|436
1394366|436
1394367|436
1394368|436
1394369|436
1394370|437
1394371|437
1394372|437
1394373|437
1394374|437
1394375|437
1394376|437
1394377|437
1394378|437
1394379|437
1394380|438
1394381|438
1394382|438
1394383|438
1394384|438
1394385|438
1394386|438
1394387|438
1394388|438
1394389|438
1394390|439
1394391|439
1394392|439
1394393|439
1394394|439
1394395|439
1394396|439
1394397|439
1394398|439
1394399|439
1394400|431
1394401|431
1394402|431
1394403|431
1394404|431
1394405|431
1394406|431
1394407|431
1394408|431
1394409|431
1394410|431
1394411|431
1394412|431
1394413|431
1394414|431
1394415|431
1394416|431
1394417|431
1394418|431
1394419|431
1394420|432
1394421|432
1394422|432
1394423|432
1394424|432
1394425|432
1394426|432
1394427|432
1394428|432
1394429|432
1394430|433
1394431|433
1394432|433
1394433|433
1394434|433
1394435|433
1394436|433
1394437|433
1394438|433
1394439|433
1394440|434
1394441|434
1394442|434
1394443|434
1394444|434
1394445|434
1394446|434
1394447|434
1394448|434
1394449|434
1394450|435
1394451|435
1394452|435
1394453|435
1394454|435
1394455|435
1394456|435
1394457|435
1394458|435
1394459|435
1394460|432
1394461|432
1394462|432
1394463|432
1394464|432
1394465|432
1394466|432
1394467|432
1394468|432
1394469|432
1394470|433
1394471|433
1394472|433
1394473|433
1394474|433
1394475|433
1394476|433
1394477|433
1394478|433
1394479|433
1394480|431
1394481|431
1394482|431
1394483|431
1394484|431
1394485|431
1394486|431
1394487|431
1394488|431
1394489|431
1394490|431
1394491|431
1394492|431
1394493|431
1394494|431
1394495|431
1394496|431
1394497|431
1394498|431
1394499|431
1470430|431
1470431|431
1470432|432
1470433|433
1470434|434
1470435|435
1470436|436
1470437|437
1470438|438
1470439|439
1474310|431
1474311|431
1474312|432
1474315|431
1474316|431
1474317|431
1474318|438
1474319|431
1474370|432
1474371|432
1474372|432
1474373|432
1474374|432
1474375|432
1474376|432
1474377|432
1474378|432
1474379|432
1474380|438
1474381|438
1474382|438
1474383|438
1474384|438
1474385|438
1474386|438
1474387|438
1474388|438
1474389|438
1474390|431
1474391|431
1474392|431
1474393|431
1474394|431
1474395|431
1474396|431
1474397|431
1474398|431
1474399|431
1479430|431
1479431|431
1479432|431
1479433|431
1479434|431
1479435|431
1479436|431
1479437|431
1479438|431
1479439|431
1479440|432
1479441|432
1479442|432
1479443|432
1479444|432
1479445|432
1479446|432
1479447|432
1479448|432
1479449|432
1479810|431
1479811|431
1479812|431
1479813|431
1479814|431
1479815|431
1479816|431
1479817|431
1479818|431
1479819|431
1479820|438
1479821|438
1479822|438
1479823|438
1479824|438
1479825|438
1479826|438
1479827|438
1479828|438
1479829|438
1500430|431
1500431|431
1500432|432
1500433|433
1500434|434
1500435|435
1500436|436
1500437|437
1500438|438
1500439|439
1500440|434
1500441|434
1500442|434
1500443|434
1500444|434
1500445|434
1500446|434
1500447|434
1500448|434
1500449|434
1504300|431
1504301|431
1504302|431
1504303|431
1504304|431
1504305|431
1504306|431
1504307|431
1504308|431
1504309|431
1504310|431
1504311|431
1504312|431
1504313|431
1504314|431
1504315|431
1504316|431
1504317|431
1504318|431
1504319|431
1504320|432
1504321|432
1504322|432
1504323|432
1504324|432
1504325|432
1504326|432
1504327|432
1504328|432
1504329|432
1504330|433
1504331|433
1504332|433
1504333|433
1504334|433
1504335|433
1504336|433
1504337|433
1504338|433
1504339|433
1504340|434
1504341|434
1504342|434
1504343|434
1504344|434
1504345|434
1504346|434
1504347|434
1504348|434
1504349|434
1504350|435
1504351|435
1504352|435
1504353|435
1504354|435
1504355|435
1504356|435
1504357|435
1504358|435
1504359|435
1504360|436
1504361|436
1504362|436
1504363|436
1504364|436
1504365|436
1504366|436
1504367|436
1504368|436
1504369|436
1504370|437
1504371|437
1504372|437
1504373|437
1504374|437
1504375|437
1504376|437
1504377|437
1504378|437
1504379|437
1504380|438
1504381|438
1504382|438
1504383|438
1504384|438
1504385|438
1504386|438
1504387|438
1504388|438
1504389|438
1504390|439
1504391|439
1504392|439
1504393|439
1504394|439
1504395|439
1504396|439
1504397|439
1504398|439
1504399|439
1504400|431
1504401|431
1504402|431
1504403|431
1504404|431
1504405|431
1504406|431
1504407|431
1504408|431
1504409|431
1504410|431
1504411|431
1504412|431
1504413|431
1504414|431
1504415|431
1504416|431
1504417|431
1504418|431
1504419|431
1504420|432
1504421|432
1504422|432
1504423|432
1504424|432
1504425|432
1504426|432
1504427|432
1504428|432
1504429|432
1504430|431
1504431|431
1504432|431
1504433|431
1504434|431
1504435|431
1504436|431
1504437|431
1504438|431
1504439|431
1504440|434
1504441|434
1504442|434
1504443|434
1504444|434
1504445|434
1504446|434
1504447|434
1504448|434
1504449|434
1504450|435
1504451|435
1504452|435
1504453|435
1504454|435
1504455|435
1504456|435
1504457|435
1504458|435
1504459|435
1504460|432
1504461|432
1504462|432
1504463|432
1504464|432
1504465|432
1504466|432
1504467|432
1504468|432
1504469|432
1510430|431
1510431|431
1510432|432
1510433|433
1510434|434
1510435|435
1510436|436
1510437|437
1510438|438
1510439|439
1510440|431
1510441|431
1510442|431
1510443|431
1510444|431
1510445|431
1510446|431
1510447|431
1510448|431
1510449|431
1511430|435
1511431|435
1511432|435
1511433|435
1511434|435
1511435|435
1511436|435
1511437|435
1511438|435
1511439|435
1511440|436
1511441|436
1511442|436
1511443|436
1511444|436
1511445|436
1511446|436
1511447|436
1511448|436
1511449|436
1512430|432
1512431|432
1512432|432
1512433|432
1512434|432
1512435|432
1512436|432
1512437|432
1512438|432
1512439|432
1512440|432
1512441|432
1512442|432
1512443|432
1512444|432
1512445|432
1512446|432
1512447|432
1512448|432
1512449|432
1513430|438
1513431|438
1513432|438
1513433|438
1513434|438
1513435|438
1513436|438
1513437|438
1513438|438
1513439|438
1513440|434
1513441|434
1513442|434
1513443|434
1513444|434
1513445|434
1513446|434
1513447|434
1513448|434
1513449|434
1514300|431
1514301|431
1514302|431
1514303|431
1514304|431
1514305|431
1514306|431
1514307|431
1514308|431
1514309|431
1514310|431
1514311|431
1514312|431
1514313|431
1514314|431
1514315|431
1514316|431
1514317|431
1514318|431
1514319|431
1514320|432
1514321|432
1514322|432
1514323|432
1514324|432
1514325|432
1514326|432
1514327|432
1514328|432
1514329|432
1514330|433
1514331|433
1514332|433
1514333|433
1514334|433
1514335|433
1514336|433
1514337|433
1514338|433
1514339|433
1514340|434
1514341|434
1514342|434
1514343|434
1514344|434
1514345|434
1514346|434
1514347|434
1514348|434
1514349|434
1514350|435
1514351|435
1514352|435
1514353|435
1514354|435
1514355|435
1514356|435
1514357|435
1514358|435
1514359|435
1514360|436
1514361|436
1514362|436
1514363|436
1514364|436
1514365|436
1514366|436
1514367|436
1514368|436
1514369|436
1514370|437
1514371|437
1514372|437
1514373|437
1514374|437
1514375|437
1514376|437
1514377|437
1514378|437
1514379|437
1514380|438
1514381|438
1514382|438
1514383|438
1514384|438
1514385|438
1514386|438
1514387|438
1514388|438
1514389|438
1514390|439
1514391|439
1514392|439
1514393|439
1514394|439
1514395|439
1514396|439
1514397|439
1514398|439
1514399|439
1514400|431
1514401|431
1514402|431
1514403|431
1514404|431
1514405|431
1514406|431
1514407|431
1514408|431
1514409|431
1514410|431
1514411|431
1514412|431
1514413|431
1514414|431
1514415|431
1514416|431
1514417|431
1514418|431
1514419|431
1514420|432
1514421|432
1514422|432
1514423|432
1514424|432
1514425|432
1514426|432
1514427|432
1514428|432
1514429|432
1514430|432
1514431|432
1514432|432
1514433|432
1514434|432
1514435|432
1514436|432
1514437|432
1514438|432
1514439|432
1514440|434
1514441|434
1514442|434
1514443|434
1514444|434
1514445|434
1514446|434
1514447|434
1514448|434
1514449|434
1514450|435
1514451|435
1514452|435
1514453|435
1514454|435
1514455|435
1514456|435
1514457|435
1514458|435
1514459|435
1514460|434
1514461|434
1514462|434
1514463|434
1514464|434
1514465|434
1514466|434
1514467|434
1514468|434
1514469|434
1516430|431
1516431|431
1516432|431
1516433|431
1516434|431
1516435|431
1516436|431
1516437|431
1516438|431
1516439|431
1516440|438
1516441|438
1516442|438
1516443|438
1516444|438
1516445|438
1516446|438
1516447|438
1516448|438
1516449|438
1520430|431
1520431|431
1520432|432
1520433|433
1520434|434
1520435|435
1520436|436
1520437|437
1520438|438
1520439|439
1520440|434
1520441|434
1520442|434
1520443|434
1520444|434
1520445|434
1520446|434
1520447|434
1520448|434
1520449|434
1524300|438
1524301|438
1524302|438
1524303|438
1524304|438
1524305|438
1524306|438
1524307|438
1524308|438
1524309|438
1524310|431
1524311|431
1524312|431
1524313|431
1524314|431
1524315|431
1524316|431
1524317|431
1524318|431
1524319|431
1524320|432
1524321|432
1524322|432
1524323|432
1524324|432
1524325|432
1524326|432
1524327|432
1524328|432
1524329|432
1571430|431
1571431|431
1571432|432
1571433|433
1571434|434
1571435|435
1571436|436
1571437|437
1571438|438
1571439|439
1571440|431
1571441|431
1571442|432
1571443|433
1571444|434
1571445|435
1571446|436
1571447|437
1571448|438
1571449|439
1580430|431
1580431|431
1580432|432
1580433|433
1580434|434
1580435|435
1580436|436
1580437|437
1580438|438
1580439|439
1580440|431
1580441|431
1580442|431
1580443|431
1580444|431
1580445|431
1580446|431
1580447|431
1580448|431
1580449|431
1583440|434
1583441|434
1583442|434
1583443|434
1583444|434
1583445|434
1583446|434
1583447|434
1583448|434
1583449|434
1583450|435
1583451|435
1583452|435
1583453|435
1583454|435
1583455|435
1583456|435
1583457|435
1583458|435
1583459|435
1583460|436
1583461|436
1583462|436
1583463|436
1583464|436
1583465|436
1583466|436
1583467|436
1583468|436
1583469|436
1583470|433
1583471|433
1583472|433
1583473|433
1583474|433
1583475|433
1583476|433
1583477|433
1583478|433
1583479|433
1583480|438
1583481|438
1583482|438
1583483|438
1583484|438
1583485|438
1583486|438
1583487|438
1583488|438
1583489|438
1583490|433
1583491|433
1583492|433
1583493|433
1583494|433
1583495|433
1583496|433
1583497|433
1583498|433
1583499|433
1584300|431
1584301|431
1584302|431
1584303|431
1584304|431
1584305|431
1584306|431
1584307|431
1584308|431
1584309|431
1584310|431
1584311|431
1584312|431
1584313|431
1584314|431
1584315|431
1584316|431
1584317|431
1584318|431
1584319|431
1584320|432
1584321|432
1584322|432
1584323|432
1584324|432
1584325|432
1584326|432
1584327|432
1584328|432
1584329|432
1584330|433
1584331|433
1584332|433
1584333|433
1584334|433
1584335|433
1584336|433
1584337|433
1584338|433
1584339|433
1584340|434
1584341|434
1584342|434
1584343|434
1584344|434
1584345|434
1584346|434
1584347|434
1584348|434
1584349|434
1584350|435
1584351|435
1584352|435
1584353|435
1584354|435
1584355|435
1584356|435
1584357|435
1584358|435
1584359|435
1584360|436
1584361|436
1584362|436
1584363|436
1584364|436
1584365|436
1584366|436
1584367|436
1584368|436
1584369|436
1584370|437
1584371|437
1584372|437
1584373|437
1584374|437
1584375|437
1584376|437
1584377|437
1584378|437
1584379|437
1584380|438
1584381|438
1584382|438
1584383|438
1584384|438
1584385|438
1584386|438
1584387|438
1584388|438
1584389|438
1584390|439
1584391|439
1584392|439
1584393|439
1584394|439
1584395|439
1584396|439
1584397|439
1584398|439
1584399|439
1584400|431
1584401|431
1584402|431
1584403|431
1584404|431
1584405|431
1584406|431
1584407|431
1584408|431
1584409|431
1584410|431
1584411|431
1584412|431
1584413|431
1584414|431
1584415|431
1584416|431
1584417|431
1584418|431
1584419|431
1584420|432
1584421|432
1584422|432
1584423|432
1584424|432
1584425|432
1584426|432
1584427|432
1584428|432
1584429|432
1584430|433
1584431|433
1584432|433
1584433|433
1584434|433
1584435|433
1584436|433
1584437|433
1584438|433
1584439|433
1584440|434
1584441|434
1584442|434
1584443|434
1584444|434
1584445|434
1584446|434
1584447|434
1584448|434
1584449|434
1584450|435
1584451|435
1584452|435
1584453|435
1584454|435
1584455|435
1584456|435
1584457|435
1584458|435
1584459|435
1584460|436
1584461|436
1584462|436
1584463|436
1584464|436
1584465|436
1584466|436
1584467|436
1584468|436
1584469|436
1584470|437
1584471|437
1584472|437
1584473|437
1584474|437
1584475|437
1584476|437
1584477|437
1584478|437
1584479|437
1584480|438
1584481|438
1584482|438
1584483|438
1584484|438
1584485|438
1584486|438
1584487|438
1584488|438
1584489|438
1584490|439
1584491|439
1584492|439
1584493|439
1584494|439
1584495|439
1584496|439
1584497|439
1584498|439
1584499|439
1588600|434
1588601|434
1588602|434
1588603|434
1588604|434
1588605|434
1588606|434
1588607|434
1588608|434
1588609|434
1588610|436
1588611|436
1588612|436
1588613|436
1588614|436
1588615|436
1588616|436
1588617|436
1588618|436
1588619|436
1588620|432
1588621|432
1588622|432
1588623|432
1588624|432
1588625|432
1588626|432
1588627|432
1588628|432
1588629|432
1590430|431
1590431|431
1590432|432
1590433|433
1590434|434
1590435|435
1590436|436
1590437|437
1590438|438
1590439|439
1590440|431
1590441|431
1590442|431
1590443|431
1590444|431
1590445|431
1590446|431
1590447|431
1590448|431
1590449|431
1594300|431
1594301|431
1594302|431
1594303|431
1594304|431
1594305|431
1594306|431
1594307|431
1594308|431
1594309|431
1594310|431
1594311|431
1594312|431
1594313|431
1594314|431
1594315|431
1594316|431
1594317|431
1594318|431
1594319|431
1594320|432
1594321|432
1594322|432
1594323|432
1594324|432
1594325|432
1594326|432
1594327|432
1594328|432
1594329|432
1594330|433
1594331|433
1594332|433
1594333|433
1594334|433
1594335|433
1594336|433
1594337|433
1594338|433
1594339|433
1594340|434
1594341|434
1594342|434
1594343|434
1594344|434
1594345|434
1594346|434
1594347|434
1594348|434
1594349|434
1594350|435
1594351|435
1594352|435
1594353|435
1594354|435
1594355|435
1594356|435
1594357|435
1594358|435
1594359|435
1594360|436
1594361|436
1594362|436
1594363|436
1594364|436
1594365|436
1594366|436
1594367|436
1594368|436
1594369|436
1594370|437
1594371|437
1594372|437
1594373|437
1594374|437
1594375|437
1594376|437
1594377|437
1594378|437
1594379|437
1594380|438
1594381|438
1594382|438
1594383|438
1594384|438
1594385|438
1594386|438
1594387|438
1594388|438
1594389|438
1594390|439
1594391|439
1594392|439
1594393|439
1594394|439
1594395|439
1594396|439
1594397|439
1594398|439
1594399|439
1594400|431
1594401|431
1594402|431
1594403|431
1594404|431
1594405|431
1594406|431
1594407|431
1594408|431
1594409|431
1594410|431
1594411|431
1594412|431
1594413|431
1594414|431
1594415|431
1594416|431
1594417|431
1594418|431
1594419|431
1594420|432
1594421|432
1594422|432
1594423|432
1594424|432
1594425|432
1594426|432
1594427|432
1594428|432
1594429|432
1594430|433
1594431|433
1594432|433
1594433|433
1594434|433
1594435|433
1594436|433
1594437|433
1594438|433
1594439|433
1594440|434
1594441|434
1594442|434
1594443|434
1594444|434
1594445|434
1594446|434
1594447|434
1594448|434
1594449|434
1594450|435
1594451|435
1594452|435
1594453|435
1594454|435
1594455|435
1594456|435
1594457|435
1594458|435
1594459|435
1594460|436
1594461|436
1594462|436
1594463|436
1594464|436
1594465|436
1594466|436
1594467|436
1594468|436
1594469|436
1594470|437
1594471|437
1594472|437
1594473|437
1594474|437
1594475|437
1594476|437
1594477|437
1594478|437
1594479|437
1594480|438
1594481|438
1594482|438
1594483|438
1594484|438
1594485|438
1594486|438
1594487|438
1594488|438
1594489|438
1594490|439
1594491|439
1594492|439
1594493|439
1594494|439
1594495|439
1594496|439
1594497|439
1594498|439
1594499|439
1594780|431
1594781|431
1594782|431
1594783|431
1594784|431
1594785|431
1594786|431
1594787|431
1594788|431
1594789|431
1594790|432
1594791|432
1594792|432
1594793|432
1594794|432
1594795|432
1594796|432
1594797|432
1594798|432
1594799|432
1594800|431
1594801|431
1594802|431
1594803|431
1594804|431
1594805|431
1594806|431
1594807|431
1594808|431
1594809|431
1594810|431
1594811|431
1594812|431
1594813|431
1594814|431
1594815|431
1594816|431
1594817|431
1594818|431
1594819|431
1594820|431
1594821|431
1594822|431
1594823|431
1594824|431
1594825|431
1594826|431
1594827|431
1594828|431
1594829|431
1594830|431
1594831|431
1594832|431
1594833|431
1594834|431
1594835|431
1594836|431
1594837|431
1594838|431
1594839|431
1594840|432
1594841|432
1594842|432
1594843|432
1594844|432
1594845|432
1594846|432
1594847|432
1594848|432
1594849|432
1594850|432
1594851|432
1594852|432
1594853|432
1594854|432
1594855|432
1594856|432
1594857|432
1594858|432
1594859|432
1594860|432
1594861|432
1594862|432
1594863|432
1594864|432
1594865|432
1594866|432
1594867|432
1594868|432
1594869|432
1594870|431
1594871|431
1594872|431
1594873|431
1594874|431
1594875|431
1594876|431
1594877|431
1594878|431
1594879|431
1594880|438
1594881|438
1594882|438
1594883|438
1594884|438
1594885|438
1594886|438
1594887|438
1594888|438
1594889|438
1594890|436
1594891|436
1594892|436
1594893|436
1594894|436
1594895|437
1594896|437
1594897|437
1594898|437
1594899|437
1598100|431
1598101|431
1598102|431
1598103|431
1598104|431
1598105|431
1598106|431
1598107|431
1598108|431
1598109|431
1598110|432
1598111|432
1598112|432
1598113|432
1598114|432
1598115|432
1598116|432
1598117|432
1598118|432
1598119|432
1598120|432
1598121|432
1598122|432
1598123|432
1598124|432
1598125|432
1598126|432
1598127|432
1598128|432
1598129|432
1598130|433
1598131|433
1598132|433
1598133|433
1598134|433
1598135|433
1598136|433
1598137|433
1598138|433
1598139|433
1598140|438
1598141|438
1598142|438
1598143|438
1598144|438
1598145|438
1598146|438
1598147|438
1598148|438
1598149|438
1598150|434
1598151|434
1598152|434
1598153|434
1598154|434
1598155|434
1598156|434
1598157|434
1598158|434
1598159|434
1598160|435
1598161|435
1598162|435
1598163|435
1598164|435
1598165|434
1598166|434
1598167|434
1598168|434
1598169|434
1820430|431
1820431|431
1820432|432
1820433|433
1820434|434
1820436|436
1820437|437
1820438|438
1820440|438
1820441|438
1820442|438
1820443|438
1820444|438
1820445|438
1820446|438
1820447|438
1820448|438
1820449|438
1824300|431
1824301|431
1824302|431
1824303|431
1824304|431
1824305|431
1824306|431
1824307|431
1824308|431
1824309|431
1824310|431
1824311|431
1824312|431
1824313|431
1824314|431
1824315|431
1824316|431
1824317|431
1824318|431
1824319|431
1824320|432
1824321|432
1824322|432
1824323|432
1824324|432
1824325|432
1824326|432
1824327|432
1824328|432
1824329|432
1824330|433
1824331|433
1824332|433
1824333|433
1824334|433
1824335|433
1824336|433
1824337|433
1824338|433
1824339|433
1824340|434
1824341|434
1824342|434
1824343|434
1824344|434
1824345|434
1824346|434
1824347|434
1824348|434
1824349|434
1824350|435
1824355|435
1824360|436
1824361|436
1824362|436
1824363|436
1824364|436
1824365|436
1824366|436
1824367|436
1824368|436
1824369|436
1824370|437
1824371|437
1824372|437
1824373|437
1824374|437
1824375|437
1824376|437
1824377|437
1824378|437
1824379|437
1824380|438
1824381|438
1824382|438
1824383|438
1824384|438
1824385|438
1824386|438
1824387|438
1824388|438
1824389|438
1824400|431
1824401|431
1824402|431
1824403|431
1824404|431
1824405|431
1824406|431
1824407|431
1824408|431
1824409|431
1824410|436
1824411|436
1824412|436
1824413|436
1824414|436
1824415|436
1824416|436
1824417|436
1824418|436
1824419|436
1830430|431
1830431|431
1830438|438
1830440|438
1830441|438
1830442|438
1830443|438
1830444|438
1830445|438
1830446|438
1830447|438
1830448|438
1830449|438
1834300|431
1834301|431
1834302|431
1834303|431
1834304|431
1834305|431
1834306|431
1834307|431
1834308|431
1834309|431
1870430|431
1870431|431
1870432|432
1870433|433
1870434|434
1870435|435
1870436|436
1870437|437
1870438|438
1870439|439
1870440|431
1870441|431
1870442|431
1870443|431
1870444|431
1870445|431
1870446|431
1870447|431
1870448|431
1870449|431
1874300|431
1874301|431
1874302|431
1874303|431
1874304|431
1874305|431
1874306|431
1874307|431
1874308|431
1874309|431
1874310|431
1874311|431
1874312|431
1874313|431
1874314|431
1874315|431
1874316|431
1874317|431
1874318|431
1874319|431
1874320|432
1874321|432
1874322|432
1874323|432
1874324|432
1874325|432
1874326|432
1874327|432
1874328|432
1874329|432
1874330|433
1874331|433
1874332|433
1874333|433
1874334|433
1874335|433
1874336|433
1874337|433
1874338|433
1874339|433
1874340|434
1874341|434
1874342|434
1874343|434
1874344|434
1874345|434
1874346|434
1874347|434
1874348|434
1874349|434
1874350|435
1874351|435
1874352|435
1874353|435
1874354|435
1874355|435
1874356|435
1874357|435
1874358|435
1874359|435
1874360|436
1874361|436
1874362|436
1874363|436
1874364|436
1874365|436
1874366|436
1874367|436
1874368|436
1874369|436
1874370|437
1874371|437
1874372|437
1874373|437
1874374|437
1874375|437
1874376|437
1874377|437
1874378|437
1874379|437
1874380|438
1874381|438
1874382|438
1874383|438
1874384|438
1874385|438
1874386|438
1874387|438
1874388|438
1874389|438
1874390|439
1874391|439
1874392|439
1874393|439
1874394|439
1874395|439
1874396|439
1874397|439
1874398|439
1874399|439
1874400|431
1874401|431
1874402|431
1874403|431
1874404|431
1874405|431
1874406|431
1874407|431
1874408|431
1874409|431
1874410|431
1874411|431
1874412|431
1874413|431
1874414|431
1874415|431
1874416|431
1874417|431
1874418|431
1874419|431
1874420|432
1874421|432
1874422|432
1874423|432
1874424|432
1874425|432
1874426|432
1874427|432
1874428|432
1874429|432
1874430|433
1874431|433
1874432|433
1874433|433
1874434|433
1874435|433
1874436|433
1874437|433
1874438|433
1874439|433
1874440|434
1874441|434
1874442|434
1874443|434
1874444|434
1874445|434
1874446|434
1874447|434
1874448|434
1874449|434
1874450|435
1874451|435
1874452|435
1874453|435
1874454|435
1874455|435
1874456|435
1874457|435
1874458|435
1874459|435
1874460|438
1874461|438
1874462|438
1874463|438
1874464|438
1874465|438
1874466|438
1874467|438
1874468|438
1874469|438
1880430|431
1880431|431
1880432|432
1880433|433
1880434|434
1880435|435
1880436|436
1880437|437
1880438|438
1880439|439
1884300|431
1884301|431
1884302|431
1884303|431
1884305|431
1884308|431
1884309|431
1884310|431
1884311|431
1884312|431
1884313|431
1884314|431
1884315|431
1884316|431
1884317|431
1884318|431
1884319|431
1884320|432
1884321|432
1884322|432
1884323|432
1884324|432
1884325|432
1884326|432
1884327|432
1884328|432
1884329|432
1884330|433
1884331|433
1884332|433
1884333|433
1884334|433
1884335|433
1884336|433
1884337|433
1884338|433
1884339|433
1884340|434
1884341|434
1884342|434
1884343|434
1884344|434
1884345|434
1884346|434
1884347|434
1884348|434
1884349|434
1884350|435
1884351|435
1884353|435
1884356|435
1884357|435
1884358|435
1884359|435
1884360|436
1884361|436
1884362|436
1884363|436
1884364|436
1884370|437
1884371|437
1884372|437
1884373|437
1884374|437
1884375|437
1884380|438
1884381|438
1884382|438
1884383|438
1884384|438
1884385|438
1884386|438
1884387|438
1884388|438
1884389|438
1884392|439
1884393|439
1884395|439
1884396|439
1884397|439
